# Created by Octave 2.0.14, Wed Feb  9 11:35:39 2000 <mstorti@spider>
# name: xnod
# type: matrix
# rows: 102
# columns: 3
 -2.5 0 0
 -2.5 0.1 0
 -2.4 0 0
 -2.4 0.1 0
 -2.3 0 0
 -2.3 0.1 0
 -2.2 0 0
 -2.2 0.1 0
 -2.1 0 4.9960036108132e-14
 -2.1 0.1 4.9960036108132e-14
 -2 0 6.89892587502072e-13
 -2 0.1 6.89892587502072e-13
 -1.9 0 7.95008503473582e-12
 -1.9 0.1 7.95008503473582e-12
 -1.8 0 8.02600208515969e-11
 -1.8 0.1 8.02600208515969e-11
 -1.7 0 7.15359993463949e-10
 -1.7 0.1 7.15359993463949e-10
 -1.6 0 5.62675994686401e-09
 -1.6 0.1 5.62675994686401e-09
 -1.5 0 3.90574499409269e-08
 -1.5 0.1 3.90574499409269e-08
 -1.4 0 2.3925587000484e-07
 -1.4 0.1 2.3925587000484e-07
 -1.3 0 1.29340500998332e-06
 -1.3 0.1 1.29340500998332e-06
 -1.2 0 6.17049019990823e-06
 -1.2 0.1 6.17049019990823e-06
 -1.1 0 2.59787341099216e-05
 -1.1 0.1 2.59787341099216e-05
 -1 0 9.65227068099317e-05
 -1 0.1 9.65227068099317e-05
 -0.9 0 0.000316485771370001
 -0.9 0.1 0.000316485771370001
 -0.8 0 0.000915781944440086
 -0.8 0.1 0.000915781944440086
 -0.7 0 0.0023385311191999
 -0.7 0.1 0.0023385311191999
 -0.6 0 0.00526996122808998
 -0.6 0.1 0.00526996122808998
 -0.5 0 0.01048056935755
 -0.5 0.1 0.01048056935755
 -0.4 0 0.01839397205857
 -0.4 0.1 0.01839397205857
 -0.3 0 0.02848914123655
 -0.3 0.1 0.02848914123655
 -0.2 0 0.0389400391535699
 -0.2 0.1 0.0389400391535699
 -0.1 0 0.0469706531406699
 -0.1 0.1 0.0469706531406699
 0 0 0.05
 0 0.1 0.05
 0.1 0 0.0469706531406699
 0.1 0.1 0.0469706531406699
 0.2 0 0.0389400391535699
 0.2 0.1 0.0389400391535699
 0.3 0 0.02848914123655
 0.3 0.1 0.02848914123655
 0.4 0 0.01839397205857
 0.4 0.1 0.01839397205857
 0.5 0 0.01048056935755
 0.5 0.1 0.01048056935755
 0.6 0 0.00526996122808998
 0.6 0.1 0.00526996122808998
 0.7 0 0.0023385311191999
 0.7 0.1 0.0023385311191999
 0.8 0 0.000915781944440086
 0.8 0.1 0.000915781944440086
 0.9 0 0.000316485771370001
 0.9 0.1 0.000316485771370001
 1 0 9.65227068099317e-05
 1 0.1 9.65227068099317e-05
 1.1 0 2.59787341099216e-05
 1.1 0.1 2.59787341099216e-05
 1.2 0 6.17049019990823e-06
 1.2 0.1 6.17049019990823e-06
 1.3 0 1.29340500998332e-06
 1.3 0.1 1.29340500998332e-06
 1.4 0 2.3925587000484e-07
 1.4 0.1 2.3925587000484e-07
 1.5 0 3.90574499409269e-08
 1.5 0.1 3.90574499409269e-08
 1.6 0 5.62675994686401e-09
 1.6 0.1 5.62675994686401e-09
 1.7 0 7.15359993463949e-10
 1.7 0.1 7.15359993463949e-10
 1.8 0 8.02600208515969e-11
 1.8 0.1 8.02600208515969e-11
 1.9 0 7.95008503473582e-12
 1.9 0.1 7.95008503473582e-12
 2 0 6.89892587502072e-13
 2 0.1 6.89892587502072e-13
 2.1 0 4.9960036108132e-14
 2.1 0.1 4.9960036108132e-14
 2.2 0 0
 2.2 0.1 0
 2.3 0 0
 2.3 0.1 0
 2.4 0 0
 2.4 0.1 0
 2.5 0 0
 2.5 0.1 0
